﻿"รหัสสถานี","เขต","สถานี","วัน-เวลา","ฝน 5 นาที","ฝน 15 นาที","ฝน 30 นาที","ฝน 1 ชม.","ฝน 3 ชม.","ฝน 6 ชม.","ฝน 12 ชม.","ฝน 24 ชม.","ดูข้อมูล"
"RF.BKM.01","บึงกุ่ม","สนข.บึงกุ่ม","15/02/2566 07:40","3.0","3.0","3.0","3.0","3.0","3.0","3.0","3.0","ดูข้อมูล"
"RF.BKM.01","บึงกุ่ม","สนข.บึงกุ่ม","15/02/2566 07:45","2.5","5.5","5.5","5.5","5.5","5.5","5.5","5.5","ดูข้อมูล"
"RF.BKM.01","บึงกุ่ม","สนข.บึงกุ่ม","15/02/2566 07:50","0.5","6.0","6.0","6.0","6.0","6.0","6.0","6.0","ดูข้อมูล"
"RF.BKM.01","บึงกุ่ม","สนข.บึงกุ่ม","15/02/2566 08:20","2.0","2.0","2.0","8.0","8.0","8.0","8.0","8.0","ดูข้อมูล"
"RF.BKM.01","บึงกุ่ม","สนข.บึงกุ่ม","15/02/2566 08:25","3.0","5.0","5.0","11.0","11.0","11.0","11.0","11.0","ดูข้อมูล"
"RF.BKM.01","บึงกุ่ม","สนข.บึงกุ่ม","15/02/2566 08:30","2.0","7.0","7.0","13.0","13.0","13.0","13.0","13.0","ดูข้อมูล"
"RF.BKM.01","บึงกุ่ม","สนข.บึงกุ่ม","15/02/2566 08:35","2.0","7.0","9.0","15.0","15.0","15.0","15.0","15.0","ดูข้อมูล"
"RF.BKM.01","บึงกุ่ม","สนข.บึงกุ่ม","15/02/2566 08:40","0.5","4.5","9.5","12.5","15.5","15.5","15.5","15.5","ดูข้อมูล"
"RF.BKM.01","บึงกุ่ม","สนข.บึงกุ่ม","15/02/2566 08:45","1.0","3.5","10.5","11.0","16.5","16.5","16.5","16.5","ดูข้อมูล"
"RF.BKM.01","บึงกุ่ม","สนข.บึงกุ่ม","15/02/2566 08:50","0.5","2.0","9.0","11.0","17.0","17.0","17.0","17.0","ดูข้อมูล"
"RF.BKM.01","บึงกุ่ม","สนข.บึงกุ่ม","15/02/2566 08:55","0.5","2.0","6.5","11.5","17.5","17.5","17.5","17.5","ดูข้อมูล"
"RF.BKM.01","บึงกุ่ม","สนข.บึงกุ่ม","15/02/2566 09:45","0.5","0.5","0.5","1.5","18.0","18.0","18.0","18.0","ดูข้อมูล"
"RF.BKM.01","บึงกุ่ม","สนข.บึงกุ่ม","15/02/2566 10:10","0.5","0.5","1.0","1.0","18.5","18.5","18.5","18.5","ดูข้อมูล"
"RF.BKM.01","บึงกุ่ม","สนข.บึงกุ่ม","15/02/2566 10:20","0.5","1.0","1.0","1.5","19.0","19.0","19.0","19.0","ดูข้อมูล"
"RF.BKM.01","บึงกุ่ม","สนข.บึงกุ่ม","15/02/2566 10:35","0.5","0.5","1.5","2.0","19.5","19.5","19.5","19.5","ดูข้อมูล"
"RF.BKM.01","บึงกุ่ม","สนข.บึงกุ่ม","15/02/2566 10:45","0.5","1.0","1.5","2.0","14.5","20.0","20.0","20.0","ดูข้อมูล"
"RF.BKM.01","บึงกุ่ม","สนข.บึงกุ่ม","15/02/2566 10:50","0.5","1.0","1.5","2.5","14.5","20.5","20.5","20.5","ดูข้อมูล"
"RF.BKM.01","บึงกุ่ม","สนข.บึงกุ่ม","15/02/2566 11:15","0.5","0.5","1.0","2.5","15.0","21.0","21.0","21.0","ดูข้อมูล"
"RF.BKM.01","บึงกุ่ม","สนข.บึงกุ่ม","15/02/2566 11:50","0.5","0.5","0.5","1.0","4.5","21.5","21.5","21.5","ดูข้อมูล"
"RF.BKM.01","บึงกุ่ม","สนข.บึงกุ่ม","15/02/2566 12:15","0.5","0.5","1.0","1.0","4.5","22.0","22.0","22.0","ดูข้อมูล"
"RF.BKM.01","บึงกุ่ม","สนข.บึงกุ่ม","15/02/2566 12:30","0.5","0.5","1.0","1.5","5.0","22.5","22.5","22.5","ดูข้อมูล"
"RF.BKM.01","บึงกุ่ม","สนข.บึงกุ่ม","15/02/2566 12:45","0.5","0.5","1.0","2.0","5.0","23.0","23.0","23.0","ดูข้อมูล"
"RF.BKM.01","บึงกุ่ม","สนข.บึงกุ่ม","15/02/2566 12:55","0.5","1.0","1.5","2.0","5.5","23.5","23.5","23.5","ดูข้อมูล"
"RF.BKM.01","บึงกุ่ม","สนข.บึงกุ่ม","15/02/2566 13:45","0.5","0.5","0.5","1.0","4.0","18.5","24.0","24.0","ดูข้อมูล"
"RF.BKM.01","บึงกุ่ม","สนข.บึงกุ่ม","16/02/2566 02:40","2.5","2.5","2.5","2.5","2.5","2.5","2.5","26.5","ดูข้อมูล"
"RF.BKM.01","บึงกุ่ม","สนข.บึงกุ่ม","16/02/2566 02:45","2.5","5.0","5.0","5.0","5.0","5.0","5.0","29.0","ดูข้อมูล"
"RF.BKM.01","บึงกุ่ม","สนข.บึงกุ่ม","16/02/2566 02:50","4.0","9.0","9.0","9.0","9.0","9.0","9.0","33.0","ดูข้อมูล"
"RF.BKM.01","บึงกุ่ม","สนข.บึงกุ่ม","16/02/2566 02:55","4.0","10.5","13.0","13.0","13.0","13.0","13.0","37.0","ดูข้อมูล"
"RF.BKM.01","บึงกุ่ม","สนข.บึงกุ่ม","16/02/2566 03:00","1.5","9.5","14.5","14.5","14.5","14.5","14.5","38.5","ดูข้อมูล"
"RF.BKM.01","บึงกุ่ม","สนข.บึงกุ่ม","16/02/2566 03:05","1.5","7.0","16.0","16.0","16.0","16.0","16.0","40.0","ดูข้อมูล"
"RF.BKM.01","บึงกุ่ม","สนข.บึงกุ่ม","16/02/2566 03:10","1.0","4.0","14.5","17.0","17.0","17.0","17.0","41.0","ดูข้อมูล"
"RF.BKM.01","บึงกุ่ม","สนข.บึงกุ่ม","16/02/2566 03:15","0.5","3.0","12.5","17.5","17.5","17.5","17.5","41.5","ดูข้อมูล"
"RF.BKM.01","บึงกุ่ม","สนข.บึงกุ่ม","16/02/2566 04:05","0.5","0.5","0.5","2.0","18.0","18.0","18.0","42.0","ดูข้อมูล"
"RF.BKM.01","บึงกุ่ม","สนข.บึงกุ่ม","16/02/2566 04:25","0.5","0.5","1.0","1.0","18.5","18.5","18.5","42.5","ดูข้อมูล"