﻿"รหัสสถานี","เขต","สถานี","วัน-เวลา","ฝน 5 นาที","ฝน 15 นาที","ฝน 30 นาที","ฝน 1 ชม.","ฝน 3 ชม.","ฝน 6 ชม.","ฝน 12 ชม.","ฝน 24 ชม.","ดูข้อมูล"
"RF.NJK.07","หนองจอก","จุดวัด ค.แสนแสบ-วัดทรัพย์ฯ","05/02/2566 16:50","0.5","0.5","0.5","0.5","0.5","0.5","0.5","0.5","ดูข้อมูล"
"RF.NJK.07","หนองจอก","จุดวัด ค.แสนแสบ-วัดทรัพย์ฯ","05/02/2566 17:00","1.5","2.0","2.0","2.0","2.0","2.0","2.0","2.0","ดูข้อมูล"
"RF.NJK.07","หนองจอก","จุดวัด ค.แสนแสบ-วัดทรัพย์ฯ","05/02/2566 17:05","1.0","2.5","3.0","3.0","3.0","3.0","3.0","3.0","ดูข้อมูล"
"RF.NJK.07","หนองจอก","จุดวัด ค.แสนแสบ-วัดทรัพย์ฯ","05/02/2566 17:10","0.5","3.0","3.5","3.5","3.5","3.5","3.5","3.5","ดูข้อมูล"
"RF.NJK.07","หนองจอก","จุดวัด ค.แสนแสบ-วัดทรัพย์ฯ","05/02/2566 17:20","0.5","1.0","3.5","4.0","4.0","4.0","4.0","4.0","ดูข้อมูล"
"RF.NJK.07","หนองจอก","จุดวัด ค.แสนแสบ-วัดทรัพย์ฯ","06/02/2566 12:15","0.5","0.5","0.5","0.5","0.5","0.5","0.5","4.5","ดูข้อมูล"
"RF.NJK.07","หนองจอก","จุดวัด ค.แสนแสบ-วัดทรัพย์ฯ","06/02/2566 12:20","0.5","1.0","1.0","1.0","1.0","1.0","1.0","5.0","ดูข้อมูล"
"RF.NJK.07","หนองจอก","จุดวัด ค.แสนแสบ-วัดทรัพย์ฯ","12/01/2566 09:25","0.5","0.5","0.5","0.5","0.5","0.5","0.5","0.5","ดูข้อมูล"
"RF.NJK.07","หนองจอก","จุดวัด ค.แสนแสบ-วัดทรัพย์ฯ","15/02/2566 06:35","0.5","0.5","0.5","0.5","0.5","0.5","0.5","0.5","ดูข้อมูล"
"RF.NJK.07","หนองจอก","จุดวัด ค.แสนแสบ-วัดทรัพย์ฯ","15/02/2566 06:40","4.0","4.5","4.5","4.5","4.5","4.5","4.5","4.5","ดูข้อมูล"
"RF.NJK.07","หนองจอก","จุดวัด ค.แสนแสบ-วัดทรัพย์ฯ","15/02/2566 06:45","1.5","6.0","6.0","6.0","6.0","6.0","6.0","6.0","ดูข้อมูล"
"RF.NJK.07","หนองจอก","จุดวัด ค.แสนแสบ-วัดทรัพย์ฯ","15/02/2566 06:50","1.0","6.5","7.0","7.0","7.0","7.0","7.0","7.0","ดูข้อมูล"
"RF.NJK.07","หนองจอก","จุดวัด ค.แสนแสบ-วัดทรัพย์ฯ","15/02/2566 07:00","0.5","1.5","7.5","7.5","7.5","7.5","7.5","7.5","ดูข้อมูล"
"RF.NJK.07","หนองจอก","จุดวัด ค.แสนแสบ-วัดทรัพย์ฯ","15/02/2566 07:05","0.5","1.0","7.5","8.0","8.0","8.0","8.0","8.0","ดูข้อมูล"
"RF.NJK.07","หนองจอก","จุดวัด ค.แสนแสบ-วัดทรัพย์ฯ","15/02/2566 07:15","1.5","2.0","3.5","9.5","9.5","9.5","9.5","9.5","ดูข้อมูล"
"RF.NJK.07","หนองจอก","จุดวัด ค.แสนแสบ-วัดทรัพย์ฯ","15/02/2566 07:20","4.0","5.5","6.5","13.5","13.5","13.5","13.5","13.5","ดูข้อมูล"
"RF.NJK.07","หนองจอก","จุดวัด ค.แสนแสบ-วัดทรัพย์ฯ","15/02/2566 07:25","1.5","7.0","8.0","15.0","15.0","15.0","15.0","15.0","ดูข้อมูล"
"RF.NJK.07","หนองจอก","จุดวัด ค.แสนแสบ-วัดทรัพย์ฯ","16/02/2566 02:20","2.5","2.5","2.5","2.5","2.5","2.5","2.5","17.5","ดูข้อมูล"
"RF.NJK.07","หนองจอก","จุดวัด ค.แสนแสบ-วัดทรัพย์ฯ","16/02/2566 02:25","3.0","5.5","5.5","5.5","5.5","5.5","5.5","20.5","ดูข้อมูล"
"RF.NJK.07","หนองจอก","จุดวัด ค.แสนแสบ-วัดทรัพย์ฯ","16/02/2566 02:30","4.5","10.0","10.0","10.0","10.0","10.0","10.0","25.0","ดูข้อมูล"
"RF.NJK.07","หนองจอก","จุดวัด ค.แสนแสบ-วัดทรัพย์ฯ","16/02/2566 02:35","4.0","11.5","14.0","14.0","14.0","14.0","14.0","29.0","ดูข้อมูล"
"RF.NJK.07","หนองจอก","จุดวัด ค.แสนแสบ-วัดทรัพย์ฯ","16/02/2566 02:40","2.5","11.0","16.5","16.5","16.5","16.5","16.5","31.5","ดูข้อมูล"
"RF.NJK.07","หนองจอก","จุดวัด ค.แสนแสบ-วัดทรัพย์ฯ","16/02/2566 02:45","1.0","7.5","17.5","17.5","17.5","17.5","17.5","32.5","ดูข้อมูล"
"RF.NJK.07","หนองจอก","จุดวัด ค.แสนแสบ-วัดทรัพย์ฯ","16/02/2566 02:50","0.5","4.0","15.5","18.0","18.0","18.0","18.0","33.0","ดูข้อมูล"
"RF.NJK.07","หนองจอก","จุดวัด ค.แสนแสบ-วัดทรัพย์ฯ","16/02/2566 03:45","0.5","0.5","0.5","1.0","18.5","18.5","18.5","33.5","ดูข้อมูล"