﻿"รหัสสถานี","เขต","สถานี","วัน-เวลา","ฝน 5 นาที","ฝน 15 นาที","ฝน 30 นาที","ฝน 1 ชม.","ฝน 3 ชม.","ฝน 6 ชม.","ฝน 12 ชม.","ฝน 24 ชม.","ดูข้อมูล"
"RF.SPS.02","สะพานสูง","ปตร.คลองแสนแสบ-บางชัน","04/02/2566 05:25","0.5","0.5","0.5","0.5","0.5","0.5","0.5","0.5","ดูข้อมูล"
"RF.SPS.02","สะพานสูง","ปตร.คลองแสนแสบ-บางชัน","15/02/2566 06:50","0.5","0.5","0.5","0.5","0.5","0.5","0.5","0.5","ดูข้อมูล"
"RF.SPS.02","สะพานสูง","ปตร.คลองแสนแสบ-บางชัน","15/02/2566 06:55","0.5","1.0","1.0","1.0","1.0","1.0","1.0","1.0","ดูข้อมูล"
"RF.SPS.02","สะพานสูง","ปตร.คลองแสนแสบ-บางชัน","15/02/2566 07:15","1.0","1.0","2.0","2.0","2.0","2.0","2.0","2.0","ดูข้อมูล"
"RF.SPS.02","สะพานสูง","ปตร.คลองแสนแสบ-บางชัน","15/02/2566 07:20","0.5","1.5","2.0","2.5","2.5","2.5","2.5","2.5","ดูข้อมูล"
"RF.SPS.02","สะพานสูง","ปตร.คลองแสนแสบ-บางชัน","15/02/2566 07:40","0.5","0.5","2.0","3.0","3.0","3.0","3.0","3.0","ดูข้อมูล"
"RF.SPS.02","สะพานสูง","ปตร.คลองแสนแสบ-บางชัน","15/02/2566 07:50","0.5","1.0","1.0","3.0","3.5","3.5","3.5","3.5","ดูข้อมูล"
"RF.SPS.02","สะพานสูง","ปตร.คลองแสนแสบ-บางชัน","15/02/2566 08:00","0.5","1.0","1.5","3.0","4.0","4.0","4.0","4.0","ดูข้อมูล"
"RF.SPS.02","สะพานสูง","ปตร.คลองแสนแสบ-บางชัน","15/02/2566 08:05","1.0","1.5","2.5","4.0","5.0","5.0","5.0","5.0","ดูข้อมูล"
"RF.SPS.02","สะพานสูง","ปตร.คลองแสนแสบ-บางชัน","15/02/2566 08:15","0.5","1.5","2.5","3.5","5.5","5.5","5.5","5.5","ดูข้อมูล"
"RF.SPS.02","สะพานสูง","ปตร.คลองแสนแสบ-บางชัน","15/02/2566 08:20","1.0","1.5","3.0","4.0","6.5","6.5","6.5","6.5","ดูข้อมูล"
"RF.SPS.02","สะพานสูง","ปตร.คลองแสนแสบ-บางชัน","15/02/2566 08:30","0.5","1.5","3.0","4.5","7.0","7.0","7.0","7.0","ดูข้อมูล"
"RF.SPS.02","สะพานสูง","ปตร.คลองแสนแสบ-บางชัน","15/02/2566 08:35","0.5","1.0","2.5","5.0","7.5","7.5","7.5","7.5","ดูข้อมูล"
"RF.SPS.02","สะพานสูง","ปตร.คลองแสนแสบ-บางชัน","15/02/2566 08:50","0.5","0.5","1.5","4.5","8.0","8.0","8.0","8.0","ดูข้อมูล"
"RF.SPS.02","สะพานสูง","ปตร.คลองแสนแสบ-บางชัน","15/02/2566 09:00","0.5","1.0","1.5","4.5","8.5","8.5","8.5","8.5","ดูข้อมูล"
"RF.SPS.02","สะพานสูง","ปตร.คลองแสนแสบ-บางชัน","15/02/2566 09:55","0.5","0.5","0.5","1.0","8.0","9.0","9.0","9.0","ดูข้อมูล"
"RF.SPS.02","สะพานสูง","ปตร.คลองแสนแสบ-บางชัน","15/02/2566 10:15","0.5","0.5","1.0","1.0","7.5","9.5","9.5","9.5","ดูข้อมูล"
"RF.SPS.02","สะพานสูง","ปตร.คลองแสนแสบ-บางชัน","15/02/2566 10:20","0.5","1.0","1.5","1.5","7.5","10.0","10.0","10.0","ดูข้อมูล"
"RF.SPS.02","สะพานสูง","ปตร.คลองแสนแสบ-บางชัน","15/02/2566 10:30","0.5","1.0","1.5","2.0","8.0","10.5","10.5","10.5","ดูข้อมูล"
"RF.SPS.02","สะพานสูง","ปตร.คลองแสนแสบ-บางชัน","15/02/2566 10:45","0.5","0.5","1.5","2.5","8.0","11.0","11.0","11.0","ดูข้อมูล"
"RF.SPS.02","สะพานสูง","ปตร.คลองแสนแสบ-บางชัน","15/02/2566 10:50","0.5","1.0","1.5","3.0","8.0","11.5","11.5","11.5","ดูข้อมูล"
"RF.SPS.02","สะพานสูง","ปตร.คลองแสนแสบ-บางชัน","15/02/2566 11:00","0.5","1.0","1.5","3.0","8.0","12.0","12.0","12.0","ดูข้อมูล"
"RF.SPS.02","สะพานสูง","ปตร.คลองแสนแสบ-บางชัน","15/02/2566 11:15","0.5","0.5","1.5","3.0","7.0","12.5","12.5","12.5","ดูข้อมูล"
"RF.SPS.02","สะพานสูง","ปตร.คลองแสนแสบ-บางชัน","15/02/2566 11:40","0.5","0.5","1.0","2.5","5.5","13.0","13.0","13.0","ดูข้อมูล"
"RF.SPS.02","สะพานสูง","ปตร.คลองแสนแสบ-บางชัน","15/02/2566 11:55","0.5","0.5","1.0","2.0","5.5","13.5","13.5","13.5","ดูข้อมูล"
"RF.SPS.02","สะพานสูง","ปตร.คลองแสนแสบ-บางชัน","15/02/2566 12:10","0.5","0.5","1.0","2.0","5.5","14.0","14.0","14.0","ดูข้อมูล"
"RF.SPS.02","สะพานสูง","ปตร.คลองแสนแสบ-บางชัน","15/02/2566 12:30","0.5","0.5","1.0","2.0","6.0","14.5","14.5","14.5","ดูข้อมูล"
"RF.SPS.02","สะพานสูง","ปตร.คลองแสนแสบ-บางชัน","15/02/2566 12:45","0.5","0.5","1.0","2.0","6.5","15.0","15.0","15.0","ดูข้อมูล"
"RF.SPS.02","สะพานสูง","ปตร.คลองแสนแสบ-บางชัน","15/02/2566 12:55","0.5","1.0","1.5","2.0","6.5","14.5","15.5","15.5","ดูข้อมูล"
"RF.SPS.02","สะพานสูง","ปตร.คลองแสนแสบ-บางชัน","16/02/2566 02:35","2.5","2.5","2.5","2.5","2.5","2.5","2.5","18.0","ดูข้อมูล"
"RF.SPS.02","สะพานสูง","ปตร.คลองแสนแสบ-บางชัน","16/02/2566 02:40","3.0","5.5","5.5","5.5","5.5","5.5","5.5","21.0","ดูข้อมูล"
"RF.SPS.02","สะพานสูง","ปตร.คลองแสนแสบ-บางชัน","16/02/2566 02:45","3.5","9.0","9.0","9.0","9.0","9.0","9.0","24.5","ดูข้อมูล"
"RF.SPS.02","สะพานสูง","ปตร.คลองแสนแสบ-บางชัน","16/02/2566 02:50","5.5","12.0","14.5","14.5","14.5","14.5","14.5","30.0","ดูข้อมูล"
"RF.SPS.02","สะพานสูง","ปตร.คลองแสนแสบ-บางชัน","16/02/2566 02:55","2.5","11.5","17.0","17.0","17.0","17.0","17.0","32.5","ดูข้อมูล"
"RF.SPS.02","สะพานสูง","ปตร.คลองแสนแสบ-บางชัน","16/02/2566 03:00","1.0","9.0","18.0","18.0","18.0","18.0","18.0","33.5","ดูข้อมูล"
"RF.SPS.02","สะพานสูง","ปตร.คลองแสนแสบ-บางชัน","16/02/2566 03:05","0.5","4.0","16.0","18.5","18.5","18.5","18.5","34.0","ดูข้อมูล"
"RF.SPS.02","สะพานสูง","ปตร.คลองแสนแสบ-บางชัน","16/02/2566 03:10","0.5","2.0","13.5","19.0","19.0","19.0","19.0","34.5","ดูข้อมูล"
"RF.SPS.02","สะพานสูง","ปตร.คลองแสนแสบ-บางชัน","16/02/2566 03:30","0.5","0.5","1.5","19.5","19.5","19.5","19.5","35.0","ดูข้อมูล"
"RF.SPS.02","สะพานสูง","ปตร.คลองแสนแสบ-บางชัน","16/02/2566 04:20","0.5","0.5","0.5","1.0","20.0","20.0","20.0","35.5","ดูข้อมูล"