﻿"รหัสสถานี","เขต","สถานี","วัน-เวลา","ฝน 5 นาที","ฝน 15 นาที","ฝน 30 นาที","ฝน 1 ชม.","ฝน 3 ชม.","ฝน 6 ชม.","ฝน 12 ชม.","ฝน 24 ชม.","ดูข้อมูล"
"RF.RBN.01","ราษฏร์บูรณะ","สนข.ราษฎร์บูรณะ","16/02/2566 03:10","0.5","0.5","0.5","0.5","0.5","0.5","0.5","39.5","ดูข้อมูล"
"RF.RBN.01","ราษฏร์บูรณะ","สนข.ราษฎร์บูรณะ","16/02/2566 03:15","2.5","3.0","3.0","3.0","3.0","3.0","3.0","42.0","ดูข้อมูล"
"RF.RBN.01","ราษฏร์บูรณะ","สนข.ราษฎร์บูรณะ","16/02/2566 03:20","2.0","5.0","5.0","5.0","5.0","5.0","5.0","44.0","ดูข้อมูล"
"RF.RBN.01","ราษฏร์บูรณะ","สนข.ราษฎร์บูรณะ","16/02/2566 03:25","2.0","6.5","7.0","7.0","7.0","7.0","7.0","46.0","ดูข้อมูล"
"RF.RBN.01","ราษฏร์บูรณะ","สนข.ราษฎร์บูรณะ","16/02/2566 03:30","1.5","5.5","8.5","8.5","8.5","8.5","8.5","47.5","ดูข้อมูล"
"RF.RBN.01","ราษฏร์บูรณะ","สนข.ราษฎร์บูรณะ","16/02/2566 03:35","1.0","4.5","9.5","9.5","9.5","9.5","9.5","48.5","ดูข้อมูล"
"RF.RBN.01","ราษฏร์บูรณะ","สนข.ราษฎร์บูรณะ","16/02/2566 03:40","0.5","3.0","9.5","10.0","10.0","10.0","10.0","49.0","ดูข้อมูล"
"RF.RBN.01","ราษฏร์บูรณะ","สนข.ราษฎร์บูรณะ","16/02/2566 04:30","0.5","0.5","0.5","2.0","10.5","10.5","10.5","49.5","ดูข้อมูล"
"RF.RBN.01","ราษฏร์บูรณะ","สนข.ราษฎร์บูรณะ","16/02/2566 04:55","0.5","0.5","1.0","1.0","11.0","11.0","11.0","50.0","ดูข้อมูล"