﻿"รหัสสถานี","เขต","สถานี","วัน-เวลา","ฝน 5 นาที","ฝน 15 นาที","ฝน 30 นาที","ฝน 1 ชม.","ฝน 3 ชม.","ฝน 6 ชม.","ฝน 12 ชม.","ฝน 24 ชม.","ดูข้อมูล"
"RF.LKB.02","ลาดกระบัง","ค.ประเวศฯ-รพ.ลาดกระบัง","15/02/2566 07:15","0.5","0.5","0.5","0.5","0.5","0.5","0.5","0.5","ดูข้อมูล"
"RF.LKB.02","ลาดกระบัง","ค.ประเวศฯ-รพ.ลาดกระบัง","15/02/2566 07:20","2.0","2.5","2.5","2.5","2.5","2.5","2.5","2.5","ดูข้อมูล"
"RF.LKB.02","ลาดกระบัง","ค.ประเวศฯ-รพ.ลาดกระบัง","15/02/2566 07:30","0.5","2.5","3.0","3.0","3.0","3.0","3.0","3.0","ดูข้อมูล"
"RF.LKB.02","ลาดกระบัง","ค.ประเวศฯ-รพ.ลาดกระบัง","15/02/2566 07:35","3.0","3.5","6.0","6.0","6.0","6.0","6.0","6.0","ดูข้อมูล"
"RF.LKB.02","ลาดกระบัง","ค.ประเวศฯ-รพ.ลาดกระบัง","15/02/2566 07:40","6.5","10.0","12.5","12.5","12.5","12.5","12.5","12.5","ดูข้อมูล"
"RF.LKB.02","ลาดกระบัง","ค.ประเวศฯ-รพ.ลาดกระบัง","15/02/2566 07:45","6.0","15.5","18.0","18.5","18.5","18.5","18.5","18.5","ดูข้อมูล"
"RF.LKB.02","ลาดกระบัง","ค.ประเวศฯ-รพ.ลาดกระบัง","15/02/2566 07:50","6.0","18.5","22.0","24.5","24.5","24.5","24.5","24.5","ดูข้อมูล"
"RF.LKB.02","ลาดกระบัง","ค.ประเวศฯ-รพ.ลาดกระบัง","15/02/2566 07:55","7.0","19.0","29.0","31.5","31.5","31.5","31.5","31.5","ดูข้อมูล"
"RF.LKB.02","ลาดกระบัง","ค.ประเวศฯ-รพ.ลาดกระบัง","15/02/2566 08:00","9.5","22.5","38.0","41.0","41.0","41.0","41.0","41.0","ดูข้อมูล"
"RF.LKB.02","ลาดกระบัง","ค.ประเวศฯ-รพ.ลาดกระบัง","15/02/2566 08:05","10.5","27.0","45.5","51.5","51.5","51.5","51.5","51.5","ดูข้อมูล"
"RF.LKB.02","ลาดกระบัง","ค.ประเวศฯ-รพ.ลาดกระบัง","15/02/2566 08:10","7.5","27.5","46.5","59.0","59.0","59.0","59.0","59.0","ดูข้อมูล"
"RF.LKB.02","ลาดกระบัง","ค.ประเวศฯ-รพ.ลาดกระบัง","15/02/2566 08:15","3.5","21.5","44.0","62.0","62.5","62.5","62.5","62.5","ดูข้อมูล"
"RF.LKB.02","ลาดกระบัง","ค.ประเวศฯ-รพ.ลาดกระบัง","15/02/2566 08:20","2.5","13.5","40.5","62.5","65.0","65.0","65.0","65.0","ดูข้อมูล"
"RF.LKB.02","ลาดกระบัง","ค.ประเวศฯ-รพ.ลาดกระบัง","15/02/2566 08:25","3.0","9.0","36.5","65.5","68.0","68.0","68.0","68.0","ดูข้อมูล"
"RF.LKB.02","ลาดกระบัง","ค.ประเวศฯ-รพ.ลาดกระบัง","15/02/2566 08:30","2.0","7.5","29.0","67.0","70.0","70.0","70.0","70.0","ดูข้อมูล"
"RF.LKB.02","ลาดกระบัง","ค.ประเวศฯ-รพ.ลาดกระบัง","15/02/2566 08:35","1.0","6.0","19.5","65.0","71.0","71.0","71.0","71.0","ดูข้อมูล"
"RF.LKB.02","ลาดกระบัง","ค.ประเวศฯ-รพ.ลาดกระบัง","15/02/2566 08:40","0.5","3.5","12.5","59.0","71.5","71.5","71.5","71.5","ดูข้อมูล"
"RF.LKB.02","ลาดกระบัง","ค.ประเวศฯ-รพ.ลาดกระบัง","15/02/2566 08:45","0.5","2.0","9.5","53.5","72.0","72.0","72.0","72.0","ดูข้อมูล"
"RF.LKB.02","ลาดกระบัง","ค.ประเวศฯ-รพ.ลาดกระบัง","15/02/2566 08:50","0.5","1.5","7.5","48.0","72.5","72.5","72.5","72.5","ดูข้อมูล"
"RF.LKB.02","ลาดกระบัง","ค.ประเวศฯ-รพ.ลาดกระบัง","15/02/2566 08:55","0.5","1.5","5.0","41.5","73.0","73.0","73.0","73.0","ดูข้อมูล"
"RF.LKB.02","ลาดกระบัง","ค.ประเวศฯ-รพ.ลาดกระบัง","15/02/2566 09:00","0.5","1.5","3.5","32.5","73.5","73.5","73.5","73.5","ดูข้อมูล"
"RF.LKB.02","ลาดกระบัง","ค.ประเวศฯ-รพ.ลาดกระบัง","15/02/2566 09:10","0.5","1.0","2.5","15.0","74.0","74.0","74.0","74.0","ดูข้อมูล"
"RF.LKB.02","ลาดกระบัง","ค.ประเวศฯ-รพ.ลาดกระบัง","15/02/2566 09:35","0.5","0.5","1.0","3.5","74.5","74.5","74.5","74.5","ดูข้อมูล"
"RF.LKB.02","ลาดกระบัง","ค.ประเวศฯ-รพ.ลาดกระบัง","15/02/2566 10:10","0.5","0.5","0.5","1.0","75.0","75.0","75.0","75.0","ดูข้อมูล"
"RF.LKB.02","ลาดกระบัง","ค.ประเวศฯ-รพ.ลาดกระบัง","15/02/2566 10:45","0.5","0.5","0.5","1.0","57.0","75.5","75.5","75.5","ดูข้อมูล"
"RF.LKB.02","ลาดกระบัง","ค.ประเวศฯ-รพ.ลาดกระบัง","15/02/2566 11:15","0.5","0.5","0.5","1.0","13.5","76.0","76.0","76.0","ดูข้อมูล"
"RF.LKB.02","ลาดกระบัง","ค.ประเวศฯ-รพ.ลาดกระบัง","15/02/2566 11:40","0.5","0.5","1.0","1.5","5.0","76.5","76.5","76.5","ดูข้อมูล"
"RF.LKB.02","ลาดกระบัง","ค.ประเวศฯ-รพ.ลาดกระบัง","15/02/2566 12:10","0.5","0.5","0.5","1.5","3.0","77.0","77.0","77.0","ดูข้อมูล"
"RF.LKB.02","ลาดกระบัง","ค.ประเวศฯ-รพ.ลาดกระบัง","15/02/2566 12:20","0.5","1.0","1.0","1.5","3.5","77.5","77.5","77.5","ดูข้อมูล"
"RF.LKB.02","ลาดกระบัง","ค.ประเวศฯ-รพ.ลาดกระบัง","15/02/2566 12:35","0.5","0.5","1.5","2.0","3.5","78.0","78.0","78.0","ดูข้อมูล"
"RF.LKB.02","ลาดกระบัง","ค.ประเวศฯ-รพ.ลาดกระบัง","15/02/2566 12:45","0.5","1.0","1.5","2.0","4.0","78.5","78.5","78.5","ดูข้อมูล"
"RF.LKB.02","ลาดกระบัง","ค.ประเวศฯ-รพ.ลาดกระบัง","16/02/2566 02:10","0.5","0.5","0.5","0.5","0.5","0.5","0.5","79.0","ดูข้อมูล"
"RF.LKB.02","ลาดกระบัง","ค.ประเวศฯ-รพ.ลาดกระบัง","16/02/2566 02:20","0.5","1.0","1.0","1.0","1.0","1.0","1.0","79.5","ดูข้อมูล"
"RF.LKB.02","ลาดกระบัง","ค.ประเวศฯ-รพ.ลาดกระบัง","16/02/2566 02:40","0.5","0.5","1.0","1.5","1.5","1.5","1.5","80.0","ดูข้อมูล"
"RF.LKB.02","ลาดกระบัง","ค.ประเวศฯ-รพ.ลาดกระบัง","16/02/2566 03:40","0.5","0.5","0.5","0.5","2.0","2.0","2.0","80.5","ดูข้อมูล"
"RF.LKB.02","ลาดกระบัง","ค.ประเวศฯ-รพ.ลาดกระบัง","16/02/2566 03:45","0.5","1.0","1.0","1.0","2.5","2.5","2.5","81.0","ดูข้อมูล"