﻿"รหัสสถานี","เขต","สถานี","วัน-เวลา","ฝน 5 นาที","ฝน 15 นาที","ฝน 30 นาที","ฝน 1 ชม.","ฝน 3 ชม.","ฝน 6 ชม.","ฝน 12 ชม.","ฝน 24 ชม.","ดูข้อมูล"
"RF.PWT.02","ประเวศ","ปตร.วัดกระทุ่มฯ","02/12/2565 01:10","0.5","0.5","0.5","0.5","0.5","0.5","0.5","0.5","ดูข้อมูล"
"RF.PWT.02","ประเวศ","ปตร.วัดกระทุ่มฯ","06/12/2565 04:00","0.5","0.5","0.5","0.5","0.5","0.5","0.5","0.5","ดูข้อมูล"
"RF.PWT.02","ประเวศ","ปตร.วัดกระทุ่มฯ","06/12/2565 04:05","0.5","1.0","1.0","1.0","1.0","1.0","1.0","1.0","ดูข้อมูล"
"RF.PWT.02","ประเวศ","ปตร.วัดกระทุ่มฯ","06/12/2565 04:10","1.0","2.0","2.0","2.0","2.0","2.0","2.0","2.0","ดูข้อมูล"
"RF.PWT.02","ประเวศ","ปตร.วัดกระทุ่มฯ","06/12/2565 04:15","1.0","2.5","3.0","3.0","3.0","3.0","3.0","3.0","ดูข้อมูล"
"RF.PWT.02","ประเวศ","ปตร.วัดกระทุ่มฯ","06/12/2565 04:20","0.5","2.5","3.5","3.5","3.5","3.5","3.5","3.5","ดูข้อมูล"
"RF.PWT.02","ประเวศ","ปตร.วัดกระทุ่มฯ","06/12/2565 04:25","1.0","2.5","4.5","4.5","4.5","4.5","4.5","4.5","ดูข้อมูล"
"RF.PWT.02","ประเวศ","ปตร.วัดกระทุ่มฯ","13/11/2565 22:10","1.5","1.5","1.5","1.5","1.5","1.5","1.5","1.5","ดูข้อมูล"
"RF.PWT.02","ประเวศ","ปตร.วัดกระทุ่มฯ","13/11/2565 22:15","2.0","3.5","3.5","3.5","3.5","3.5","3.5","3.5","ดูข้อมูล"
"RF.PWT.02","ประเวศ","ปตร.วัดกระทุ่มฯ","13/11/2565 22:20","1.5","5.0","5.0","5.0","5.0","5.0","5.0","5.0","ดูข้อมูล"
"RF.PWT.02","ประเวศ","ปตร.วัดกระทุ่มฯ","14/11/2565 20:45","0.5","0.5","0.5","0.5","0.5","0.5","0.5","5.5","ดูข้อมูล"
"RF.PWT.02","ประเวศ","ปตร.วัดกระทุ่มฯ","15/02/2566 07:35","1.0","1.0","1.0","1.0","1.0","1.0","1.0","1.0","ดูข้อมูล"
"RF.PWT.02","ประเวศ","ปตร.วัดกระทุ่มฯ","15/02/2566 07:40","1.5","2.5","2.5","2.5","2.5","2.5","2.5","2.5","ดูข้อมูล"
"RF.PWT.02","ประเวศ","ปตร.วัดกระทุ่มฯ","15/02/2566 07:50","0.5","2.0","3.0","3.0","3.0","3.0","3.0","3.0","ดูข้อมูล"
"RF.PWT.02","ประเวศ","ปตร.วัดกระทุ่มฯ","15/02/2566 07:55","2.5","3.0","5.5","5.5","5.5","5.5","5.5","5.5","ดูข้อมูล"
"RF.PWT.02","ประเวศ","ปตร.วัดกระทุ่มฯ","15/02/2566 08:00","3.5","6.5","9.0","9.0","9.0","9.0","9.0","9.0","ดูข้อมูล"
"RF.PWT.02","ประเวศ","ปตร.วัดกระทุ่มฯ","15/02/2566 08:05","2.0","8.0","10.0","11.0","11.0","11.0","11.0","11.0","ดูข้อมูล"
"RF.PWT.02","ประเวศ","ปตร.วัดกระทุ่มฯ","15/02/2566 08:10","1.0","6.5","9.5","12.0","12.0","12.0","12.0","12.0","ดูข้อมูล"
"RF.PWT.02","ประเวศ","ปตร.วัดกระทุ่มฯ","15/02/2566 08:15","1.0","4.0","10.5","13.0","13.0","13.0","13.0","13.0","ดูข้อมูล"
"RF.PWT.02","ประเวศ","ปตร.วัดกระทุ่มฯ","15/02/2566 08:20","3.0","5.0","13.0","16.0","16.0","16.0","16.0","16.0","ดูข้อมูล"
"RF.PWT.02","ประเวศ","ปตร.วัดกระทุ่มฯ","15/02/2566 08:25","2.0","6.0","12.5","18.0","18.0","18.0","18.0","18.0","ดูข้อมูล"
"RF.PWT.02","ประเวศ","ปตร.วัดกระทุ่มฯ","15/02/2566 08:30","2.0","7.0","11.0","20.0","20.0","20.0","20.0","20.0","ดูข้อมูล"
"RF.PWT.02","ประเวศ","ปตร.วัดกระทุ่มฯ","15/02/2566 08:35","1.0","5.0","10.0","20.0","21.0","21.0","21.0","21.0","ดูข้อมูล"
"RF.PWT.02","ประเวศ","ปตร.วัดกระทุ่มฯ","15/02/2566 08:40","1.0","4.0","10.0","19.5","22.0","22.0","22.0","22.0","ดูข้อมูล"
"RF.PWT.02","ประเวศ","ปตร.วัดกระทุ่มฯ","15/02/2566 08:45","0.5","2.5","9.5","20.0","22.5","22.5","22.5","22.5","ดูข้อมูล"
"RF.PWT.02","ประเวศ","ปตร.วัดกระทุ่มฯ","15/02/2566 08:50","1.0","2.5","7.5","20.5","23.5","23.5","23.5","23.5","ดูข้อมูล"
"RF.PWT.02","ประเวศ","ปตร.วัดกระทุ่มฯ","15/02/2566 08:55","0.5","2.0","6.0","18.5","24.0","24.0","24.0","24.0","ดูข้อมูล"
"RF.PWT.02","ประเวศ","ปตร.วัดกระทุ่มฯ","15/02/2566 09:00","0.5","2.0","4.5","15.5","24.5","24.5","24.5","24.5","ดูข้อมูล"
"RF.PWT.02","ประเวศ","ปตร.วัดกระทุ่มฯ","15/02/2566 09:05","0.5","1.5","4.0","14.0","25.0","25.0","25.0","25.0","ดูข้อมูล"
"RF.PWT.02","ประเวศ","ปตร.วัดกระทุ่มฯ","15/02/2566 09:10","0.5","1.5","3.5","13.5","25.5","25.5","25.5","25.5","ดูข้อมูล"
"RF.PWT.02","ประเวศ","ปตร.วัดกระทุ่มฯ","15/02/2566 10:00","0.5","0.5","0.5","1.5","26.0","26.0","26.0","26.0","ดูข้อมูล"
"RF.PWT.02","ประเวศ","ปตร.วัดกระทุ่มฯ","15/02/2566 10:20","0.5","0.5","1.0","1.0","26.5","26.5","26.5","26.5","ดูข้อมูล"
"RF.PWT.02","ประเวศ","ปตร.วัดกระทุ่มฯ","15/02/2566 11:10","0.5","0.5","0.5","1.0","15.0","27.0","27.0","27.0","ดูข้อมูล"
"RF.PWT.02","ประเวศ","ปตร.วัดกระทุ่มฯ","15/02/2566 11:50","0.5","0.5","0.5","1.0","4.0","27.5","27.5","27.5","ดูข้อมูล"
"RF.PWT.02","ประเวศ","ปตร.วัดกระทุ่มฯ","15/02/2566 12:05","0.5","0.5","1.0","1.5","3.0","28.0","28.0","28.0","ดูข้อมูล"
"RF.PWT.02","ประเวศ","ปตร.วัดกระทุ่มฯ","15/02/2566 12:25","0.5","0.5","1.0","1.5","3.0","28.5","28.5","28.5","ดูข้อมูล"
"RF.PWT.02","ประเวศ","ปตร.วัดกระทุ่มฯ","15/02/2566 12:35","0.5","1.0","1.0","2.0","3.5","29.0","29.0","29.0","ดูข้อมูล"
"RF.PWT.02","ประเวศ","ปตร.วัดกระทุ่มฯ","15/02/2566 12:40","0.5","1.0","1.5","2.5","4.0","29.5","29.5","29.5","ดูข้อมูล"
"RF.PWT.02","ประเวศ","ปตร.วัดกระทุ่มฯ","15/02/2566 12:55","0.5","0.5","1.5","2.5","4.5","30.0","30.0","30.0","ดูข้อมูล"
"RF.PWT.02","ประเวศ","ปตร.วัดกระทุ่มฯ","15/11/2565 19:50","2.5","2.5","2.5","2.5","2.5","2.5","2.5","3.0","ดูข้อมูล"
"RF.PWT.02","ประเวศ","ปตร.วัดกระทุ่มฯ","15/11/2565 19:55","6.0","8.5","8.5","8.5","8.5","8.5","8.5","9.0","ดูข้อมูล"
"RF.PWT.02","ประเวศ","ปตร.วัดกระทุ่มฯ","15/11/2565 20:00","0.5","9.0","9.0","9.0","9.0","9.0","9.0","9.5","ดูข้อมูล"
"RF.PWT.02","ประเวศ","ปตร.วัดกระทุ่มฯ","16/02/2566 02:30","3.0","3.0","3.0","3.0","3.0","3.0","3.0","33.0","ดูข้อมูล"
"RF.PWT.02","ประเวศ","ปตร.วัดกระทุ่มฯ","16/02/2566 02:35","4.5","7.5","7.5","7.5","7.5","7.5","7.5","37.5","ดูข้อมูล"
"RF.PWT.02","ประเวศ","ปตร.วัดกระทุ่มฯ","16/02/2566 02:40","3.0","10.5","10.5","10.5","10.5","10.5","10.5","40.5","ดูข้อมูล"
"RF.PWT.02","ประเวศ","ปตร.วัดกระทุ่มฯ","16/02/2566 02:45","1.0","8.5","11.5","11.5","11.5","11.5","11.5","41.5","ดูข้อมูล"
"RF.PWT.02","ประเวศ","ปตร.วัดกระทุ่มฯ","16/02/2566 02:50","1.0","5.0","12.5","12.5","12.5","12.5","12.5","42.5","ดูข้อมูล"
"RF.PWT.02","ประเวศ","ปตร.วัดกระทุ่มฯ","16/02/2566 02:55","1.0","3.0","13.5","13.5","13.5","13.5","13.5","43.5","ดูข้อมูล"
"RF.PWT.02","ประเวศ","ปตร.วัดกระทุ่มฯ","16/02/2566 03:00","0.5","2.5","11.0","14.0","14.0","14.0","14.0","44.0","ดูข้อมูล"
"RF.PWT.02","ประเวศ","ปตร.วัดกระทุ่มฯ","16/02/2566 03:05","0.5","2.0","7.0","14.5","14.5","14.5","14.5","44.5","ดูข้อมูล"
"RF.PWT.02","ประเวศ","ปตร.วัดกระทุ่มฯ","16/02/2566 03:10","1.0","2.0","5.0","15.5","15.5","15.5","15.5","45.5","ดูข้อมูล"
"RF.PWT.02","ประเวศ","ปตร.วัดกระทุ่มฯ","16/02/2566 03:15","0.5","2.0","4.5","16.0","16.0","16.0","16.0","46.0","ดูข้อมูล"
"RF.PWT.02","ประเวศ","ปตร.วัดกระทุ่มฯ","16/02/2566 03:20","0.5","2.0","4.0","16.5","16.5","16.5","16.5","46.5","ดูข้อมูล"
"RF.PWT.02","ประเวศ","ปตร.วัดกระทุ่มฯ","16/02/2566 03:30","0.5","1.0","3.0","14.0","17.0","17.0","17.0","47.0","ดูข้อมูล"
"RF.PWT.02","ประเวศ","ปตร.วัดกระทุ่มฯ","16/02/2566 03:55","0.5","0.5","1.0","4.0","17.5","17.5","17.5","47.5","ดูข้อมูล"
"RF.PWT.02","ประเวศ","ปตร.วัดกระทุ่มฯ","16/02/2566 09:45","0.5","0.5","0.5","0.5","0.5","1.0","18.0","22.5","ดูข้อมูล"
"RF.PWT.02","ประเวศ","ปตร.วัดกระทุ่มฯ","18/11/2565 17:20","0.5","0.5","0.5","0.5","0.5","0.5","0.5","0.5","ดูข้อมูล"
"RF.PWT.02","ประเวศ","ปตร.วัดกระทุ่มฯ","18/11/2565 17:30","0.5","1.0","1.0","1.0","1.0","1.0","1.0","1.0","ดูข้อมูล"
"RF.PWT.02","ประเวศ","ปตร.วัดกระทุ่มฯ","18/11/2565 17:55","0.5","0.5","1.0","1.5","1.5","1.5","1.5","1.5","ดูข้อมูล"
"RF.PWT.02","ประเวศ","ปตร.วัดกระทุ่มฯ","18/11/2565 18:25","0.5","0.5","0.5","1.5","2.0","2.0","2.0","2.0","ดูข้อมูล"
"RF.PWT.02","ประเวศ","ปตร.วัดกระทุ่มฯ","23/11/2565 20:30","2.0","2.0","2.0","2.0","2.0","2.0","2.0","2.0","ดูข้อมูล"
"RF.PWT.02","ประเวศ","ปตร.วัดกระทุ่มฯ","23/11/2565 20:35","1.5","3.5","3.5","3.5","3.5","3.5","3.5","3.5","ดูข้อมูล"
"RF.PWT.02","ประเวศ","ปตร.วัดกระทุ่มฯ","23/11/2565 20:40","1.5","5.0","5.0","5.0","5.0","5.0","5.0","5.0","ดูข้อมูล"
"RF.PWT.02","ประเวศ","ปตร.วัดกระทุ่มฯ","23/11/2565 20:45","1.0","4.0","6.0","6.0","6.0","6.0","6.0","6.0","ดูข้อมูล"
"RF.PWT.02","ประเวศ","ปตร.วัดกระทุ่มฯ","23/11/2565 20:55","0.5","1.5","6.5","6.5","6.5","6.5","6.5","6.5","ดูข้อมูล"
"RF.PWT.02","ประเวศ","ปตร.วัดกระทุ่มฯ","24/11/2565 08:40","0.5","0.5","0.5","0.5","0.5","0.5","2.0","7.0","ดูข้อมูล"
"RF.PWT.02","ประเวศ","ปตร.วัดกระทุ่มฯ","24/11/2565 18:00","1.0","1.0","1.0","1.0","1.0","1.0","1.5","8.0","ดูข้อมูล"
"RF.PWT.02","ประเวศ","ปตร.วัดกระทุ่มฯ","24/11/2565 18:05","2.0","3.0","3.0","3.0","3.0","3.0","3.5","10.0","ดูข้อมูล"
"RF.PWT.02","ประเวศ","ปตร.วัดกระทุ่มฯ","24/11/2565 18:10","2.0","5.0","5.0","5.0","5.0","5.0","5.5","12.0","ดูข้อมูล"
"RF.PWT.02","ประเวศ","ปตร.วัดกระทุ่มฯ","24/11/2565 18:15","1.0","5.0","6.0","6.0","6.0","6.0","6.5","13.0","ดูข้อมูล"
"RF.PWT.02","ประเวศ","ปตร.วัดกระทุ่มฯ","24/11/2565 19:45","2.0","2.0","2.0","2.0","8.0","8.0","8.5","15.0","ดูข้อมูล"
"RF.PWT.02","ประเวศ","ปตร.วัดกระทุ่มฯ","24/11/2565 19:50","0.5","2.5","2.5","2.5","8.5","8.5","9.0","15.5","ดูข้อมูล"
"RF.PWT.02","ประเวศ","ปตร.วัดกระทุ่มฯ","25/11/2565 19:25","0.5","0.5","0.5","0.5","0.5","0.5","0.5","3.0","ดูข้อมูล"
"RF.PWT.02","ประเวศ","ปตร.วัดกระทุ่มฯ","25/11/2565 19:30","0.5","1.0","1.0","1.0","1.0","1.0","1.0","3.5","ดูข้อมูล"
"RF.PWT.02","ประเวศ","ปตร.วัดกระทุ่มฯ","25/11/2565 19:35","1.0","2.0","2.0","2.0","2.0","2.0","2.0","4.5","ดูข้อมูล"
"RF.PWT.02","ประเวศ","ปตร.วัดกระทุ่มฯ","25/11/2565 19:40","3.0","4.5","5.0","5.0","5.0","5.0","5.0","7.5","ดูข้อมูล"
"RF.PWT.02","ประเวศ","ปตร.วัดกระทุ่มฯ","25/11/2565 19:45","3.5","7.5","8.5","8.5","8.5","8.5","8.5","9.0","ดูข้อมูล"
"RF.PWT.02","ประเวศ","ปตร.วัดกระทุ่มฯ","25/11/2565 19:50","0.5","7.0","9.0","9.0","9.0","9.0","9.0","9.0","ดูข้อมูล"
"RF.PWT.02","ประเวศ","ปตร.วัดกระทุ่มฯ","25/11/2565 19:55","0.5","4.5","9.0","9.5","9.5","9.5","9.5","9.5","ดูข้อมูล"
"RF.PWT.02","ประเวศ","ปตร.วัดกระทุ่มฯ","25/11/2565 20:00","1.0","2.0","9.5","10.5","10.5","10.5","10.5","10.5","ดูข้อมูล"
"RF.PWT.02","ประเวศ","ปตร.วัดกระทุ่มฯ","25/11/2565 20:15","0.5","0.5","2.5","11.0","11.0","11.0","11.0","11.0","ดูข้อมูล"
"RF.PWT.02","ประเวศ","ปตร.วัดกระทุ่มฯ","25/11/2565 20:25","0.5","1.0","2.0","11.0","11.5","11.5","11.5","11.5","ดูข้อมูล"
"RF.PWT.02","ประเวศ","ปตร.วัดกระทุ่มฯ","25/11/2565 20:35","0.5","1.0","1.5","10.0","12.0","12.0","12.0","12.0","ดูข้อมูล"
"RF.PWT.02","ประเวศ","ปตร.วัดกระทุ่มฯ","25/11/2565 20:50","0.5","0.5","1.5","3.5","12.5","12.5","12.5","12.5","ดูข้อมูล"
"RF.PWT.02","ประเวศ","ปตร.วัดกระทุ่มฯ","25/11/2565 21:20","0.5","0.5","0.5","2.0","13.0","13.0","13.0","13.0","ดูข้อมูล"
"RF.PWT.02","ประเวศ","ปตร.วัดกระทุ่มฯ","25/11/2565 21:50","0.5","0.5","0.5","1.0","13.5","13.5","13.5","13.5","ดูข้อมูล"
"RF.PWT.02","ประเวศ","ปตร.วัดกระทุ่มฯ","25/11/2565 23:50","2.0","2.0","2.0","2.0","3.0","15.5","15.5","15.5","ดูข้อมูล"
"RF.PWT.02","ประเวศ","ปตร.วัดกระทุ่มฯ","25/11/2565 23:55","0.5","2.5","2.5","2.5","3.5","16.0","16.0","16.0","ดูข้อมูล"
"RF.PWT.02","ประเวศ","ปตร.วัดกระทุ่มฯ","26/11/2565 00:25","0.5","0.5","0.5","3.0","3.5","16.5","16.5","16.5","ดูข้อมูล"
"RF.PWT.02","ประเวศ","ปตร.วัดกระทุ่มฯ","26/11/2565 00:35","0.5","1.0","1.0","3.5","4.0","17.0","17.0","17.0","ดูข้อมูล"
"RF.PWT.02","ประเวศ","ปตร.วัดกระทุ่มฯ","26/11/2565 11:15","1.5","1.5","1.5","1.5","1.5","1.5","5.0","18.5","ดูข้อมูล"
"RF.PWT.02","ประเวศ","ปตร.วัดกระทุ่มฯ","26/11/2565 11:30","0.5","0.5","2.0","2.0","2.0","2.0","5.5","19.0","ดูข้อมูล"
"RF.PWT.02","ประเวศ","ปตร.วัดกระทุ่มฯ","26/11/2565 11:45","0.5","0.5","1.0","2.5","2.5","2.5","6.0","19.5","ดูข้อมูล"
"RF.PWT.02","ประเวศ","ปตร.วัดกระทุ่มฯ","29/11/2565 19:40","1.0","1.0","1.0","1.0","1.0","1.0","1.0","1.0","ดูข้อมูล"
"RF.PWT.02","ประเวศ","ปตร.วัดกระทุ่มฯ","29/11/2565 19:45","0.5","1.5","1.5","1.5","1.5","1.5","1.5","1.5","ดูข้อมูล"
"RF.PWT.02","ประเวศ","ปตร.วัดกระทุ่มฯ","29/11/2565 19:50","0.5","2.0","2.0","2.0","2.0","2.0","2.0","2.0","ดูข้อมูล"
"RF.PWT.02","ประเวศ","ปตร.วัดกระทุ่มฯ","29/11/2565 19:55","0.5","1.5","2.5","2.5","2.5","2.5","2.5","2.5","ดูข้อมูล"
"RF.PWT.02","ประเวศ","ปตร.วัดกระทุ่มฯ","29/11/2565 20:00","0.5","1.5","3.0","3.0","3.0","3.0","3.0","3.0","ดูข้อมูล"
"RF.PWT.02","ประเวศ","ปตร.วัดกระทุ่มฯ","29/11/2565 20:05","1.0","2.0","4.0","4.0","4.0","4.0","4.0","4.0","ดูข้อมูล"
"RF.PWT.02","ประเวศ","ปตร.วัดกระทุ่มฯ","29/11/2565 20:10","1.0","2.5","4.0","5.0","5.0","5.0","5.0","5.0","ดูข้อมูล"
"RF.PWT.02","ประเวศ","ปตร.วัดกระทุ่มฯ","29/11/2565 20:15","0.5","2.5","4.0","5.5","5.5","5.5","5.5","5.5","ดูข้อมูล"
"RF.PWT.02","ประเวศ","ปตร.วัดกระทุ่มฯ","29/11/2565 20:20","0.5","2.0","4.0","6.0","6.0","6.0","6.0","6.0","ดูข้อมูล"