﻿"รหัสสถานี","เขต","สถานี","วัน-เวลา","ฝน 5 นาที","ฝน 15 นาที","ฝน 30 นาที","ฝน 1 ชม.","ฝน 3 ชม.","ฝน 6 ชม.","ฝน 12 ชม.","ฝน 24 ชม.","ดูข้อมูล"
"RF.KNY.02","คันนายาว","จุดวัด ค.ลำชะล่า-ถ.นวมินทร์","05/02/2566 16:00","0.5","0.5","0.5","0.5","0.5","0.5","0.5","0.5","ดูข้อมูล"
"RF.KNY.02","คันนายาว","จุดวัด ค.ลำชะล่า-ถ.นวมินทร์","05/02/2566 16:05","3.5","4.0","4.0","4.0","4.0","4.0","4.0","4.0","ดูข้อมูล"
"RF.KNY.02","คันนายาว","จุดวัด ค.ลำชะล่า-ถ.นวมินทร์","05/02/2566 16:10","5.0","9.0","9.0","9.0","9.0","9.0","9.0","9.0","ดูข้อมูล"
"RF.KNY.02","คันนายาว","จุดวัด ค.ลำชะล่า-ถ.นวมินทร์","05/02/2566 16:15","2.5","11.0","11.5","11.5","11.5","11.5","11.5","11.5","ดูข้อมูล"
"RF.KNY.02","คันนายาว","จุดวัด ค.ลำชะล่า-ถ.นวมินทร์","05/02/2566 16:20","3.0","10.5","14.5","14.5","14.5","14.5","14.5","14.5","ดูข้อมูล"
"RF.KNY.02","คันนายาว","จุดวัด ค.ลำชะล่า-ถ.นวมินทร์","05/02/2566 16:25","2.0","7.5","16.5","16.5","16.5","16.5","16.5","16.5","ดูข้อมูล"
"RF.KNY.02","คันนายาว","จุดวัด ค.ลำชะล่า-ถ.นวมินทร์","05/02/2566 16:30","0.5","5.5","16.5","17.0","17.0","17.0","17.0","17.0","ดูข้อมูล"
"RF.KNY.02","คันนายาว","จุดวัด ค.ลำชะล่า-ถ.นวมินทร์","06/02/2566 09:15","0.5","0.5","0.5","0.5","0.5","0.5","0.5","17.5","ดูข้อมูล"
"RF.KNY.02","คันนายาว","จุดวัด ค.ลำชะล่า-ถ.นวมินทร์","06/02/2566 15:00","0.5","0.5","0.5","0.5","0.5","1.0","1.0","18.0","ดูข้อมูล"
"RF.KNY.02","คันนายาว","จุดวัด ค.ลำชะล่า-ถ.นวมินทร์","06/02/2566 15:05","0.5","1.0","1.0","1.0","1.0","1.5","1.5","18.5","ดูข้อมูล"
"RF.KNY.02","คันนายาว","จุดวัด ค.ลำชะล่า-ถ.นวมินทร์","06/02/2566 15:10","0.5","1.5","1.5","1.5","1.5","2.0","2.0","19.0","ดูข้อมูล"
"RF.KNY.02","คันนายาว","จุดวัด ค.ลำชะล่า-ถ.นวมินทร์","06/02/2566 15:15","1.0","2.0","2.5","2.5","2.5","2.5","3.0","20.0","ดูข้อมูล"
"RF.KNY.02","คันนายาว","จุดวัด ค.ลำชะล่า-ถ.นวมินทร์","06/02/2566 15:20","4.5","6.0","7.0","7.0","7.0","7.0","7.5","24.5","ดูข้อมูล"
"RF.KNY.02","คันนายาว","จุดวัด ค.ลำชะล่า-ถ.นวมินทร์","06/02/2566 15:25","1.5","7.0","8.5","8.5","8.5","8.5","9.0","26.0","ดูข้อมูล"
"RF.KNY.02","คันนายาว","จุดวัด ค.ลำชะล่า-ถ.นวมินทร์","06/02/2566 15:30","1.0","7.0","9.0","9.5","9.5","9.5","10.0","27.0","ดูข้อมูล"
"RF.KNY.02","คันนายาว","จุดวัด ค.ลำชะล่า-ถ.นวมินทร์","06/02/2566 15:40","0.5","1.5","8.5","10.0","10.0","10.0","10.5","27.5","ดูข้อมูล"
"RF.KNY.02","คันนายาว","จุดวัด ค.ลำชะล่า-ถ.นวมินทร์","15/02/2566 07:05","2.0","2.0","2.0","2.0","2.0","2.0","2.0","2.0","ดูข้อมูล"
"RF.KNY.02","คันนายาว","จุดวัด ค.ลำชะล่า-ถ.นวมินทร์","15/02/2566 07:10","1.0","3.0","3.0","3.0","3.0","3.0","3.0","3.0","ดูข้อมูล"
"RF.KNY.02","คันนายาว","จุดวัด ค.ลำชะล่า-ถ.นวมินทร์","15/02/2566 07:20","1.0","2.0","4.0","4.0","4.0","4.0","4.0","4.0","ดูข้อมูล"
"RF.KNY.02","คันนายาว","จุดวัด ค.ลำชะล่า-ถ.นวมินทร์","15/02/2566 07:25","0.5","1.5","4.5","4.5","4.5","4.5","4.5","4.5","ดูข้อมูล"
"RF.KNY.02","คันนายาว","จุดวัด ค.ลำชะล่า-ถ.นวมินทร์","15/02/2566 07:30","0.5","2.0","5.0","5.0","5.0","5.0","5.0","5.0","ดูข้อมูล"
"RF.KNY.02","คันนายาว","จุดวัด ค.ลำชะล่า-ถ.นวมินทร์","15/02/2566 07:50","0.5","0.5","1.5","5.5","5.5","5.5","5.5","5.5","ดูข้อมูล"
"RF.KNY.02","คันนายาว","จุดวัด ค.ลำชะล่า-ถ.นวมินทร์","15/02/2566 08:00","0.5","1.0","1.0","6.0","6.0","6.0","6.0","6.0","ดูข้อมูล"
"RF.KNY.02","คันนายาว","จุดวัด ค.ลำชะล่า-ถ.นวมินทร์","15/02/2566 08:40","0.5","0.5","0.5","1.5","6.5","6.5","6.5","6.5","ดูข้อมูล"
"RF.KNY.02","คันนายาว","จุดวัด ค.ลำชะล่า-ถ.นวมินทร์","15/02/2566 09:50","0.5","0.5","0.5","0.5","7.0","7.0","7.0","7.0","ดูข้อมูล"
"RF.KNY.02","คันนายาว","จุดวัด ค.ลำชะล่า-ถ.นวมินทร์","15/02/2566 10:25","0.5","0.5","0.5","1.0","3.0","7.5","7.5","7.5","ดูข้อมูล"
"RF.KNY.02","คันนายาว","จุดวัด ค.ลำชะล่า-ถ.นวมินทร์","15/02/2566 10:30","0.5","1.0","1.0","1.5","3.0","8.0","8.0","8.0","ดูข้อมูล"
"RF.KNY.02","คันนายาว","จุดวัด ค.ลำชะล่า-ถ.นวมินทร์","15/02/2566 10:40","0.5","1.0","1.5","2.0","3.5","8.5","8.5","8.5","ดูข้อมูล"
"RF.KNY.02","คันนายาว","จุดวัด ค.ลำชะล่า-ถ.นวมินทร์","15/02/2566 10:50","0.5","1.0","2.0","2.0","3.5","9.0","9.0","9.0","ดูข้อมูล"
"RF.KNY.02","คันนายาว","จุดวัด ค.ลำชะล่า-ถ.นวมินทร์","15/02/2566 11:00","0.5","1.0","1.5","2.5","3.5","9.5","9.5","9.5","ดูข้อมูล"
"RF.KNY.02","คันนายาว","จุดวัด ค.ลำชะล่า-ถ.นวมินทร์","15/02/2566 11:10","0.5","1.0","1.5","3.0","4.0","10.0","10.0","10.0","ดูข้อมูล"
"RF.KNY.02","คันนายาว","จุดวัด ค.ลำชะล่า-ถ.นวมินทร์","15/02/2566 11:35","0.5","0.5","1.0","2.5","4.5","10.5","10.5","10.5","ดูข้อมูล"
"RF.KNY.02","คันนายาว","จุดวัด ค.ลำชะล่า-ถ.นวมินทร์","15/02/2566 11:55","0.5","0.5","1.0","2.0","4.5","11.0","11.0","11.0","ดูข้อมูล"
"RF.KNY.02","คันนายาว","จุดวัด ค.ลำชะล่า-ถ.นวมินทร์","15/02/2566 12:10","0.5","0.5","1.0","1.5","5.0","11.5","11.5","11.5","ดูข้อมูล"
"RF.KNY.02","คันนายาว","จุดวัด ค.ลำชะล่า-ถ.นวมินทร์","15/02/2566 12:40","0.5","0.5","0.5","1.5","5.5","12.0","12.0","12.0","ดูข้อมูล"
"RF.KNY.02","คันนายาว","จุดวัด ค.ลำชะล่า-ถ.นวมินทร์","15/02/2566 12:55","0.5","0.5","1.0","1.5","5.5","12.5","12.5","12.5","ดูข้อมูล"
"RF.KNY.02","คันนายาว","จุดวัด ค.ลำชะล่า-ถ.นวมินทร์","15/02/2566 13:40","0.5","0.5","0.5","1.0","4.5","8.0","13.0","13.0","ดูข้อมูล"
"RF.KNY.02","คันนายาว","จุดวัด ค.ลำชะล่า-ถ.นวมินทร์","16/02/2566 03:00","1.0","1.0","1.0","1.0","1.0","1.0","1.0","14.0","ดูข้อมูล"
"RF.KNY.02","คันนายาว","จุดวัด ค.ลำชะล่า-ถ.นวมินทร์","16/02/2566 03:05","1.5","2.5","2.5","2.5","2.5","2.5","2.5","15.5","ดูข้อมูล"
"RF.KNY.02","คันนายาว","จุดวัด ค.ลำชะล่า-ถ.นวมินทร์","16/02/2566 03:10","1.5","4.0","4.0","4.0","4.0","4.0","4.0","17.0","ดูข้อมูล"
"RF.KNY.02","คันนายาว","จุดวัด ค.ลำชะล่า-ถ.นวมินทร์","16/02/2566 03:15","0.5","3.5","4.5","4.5","4.5","4.5","4.5","17.5","ดูข้อมูล"
"RF.KNY.02","คันนายาว","จุดวัด ค.ลำชะล่า-ถ.นวมินทร์","16/02/2566 03:25","0.5","1.0","5.0","5.0","5.0","5.0","5.0","18.0","ดูข้อมูล"
"RF.KNY.02","คันนายาว","จุดวัด ค.ลำชะล่า-ถ.นวมินทร์","16/02/2566 04:20","0.5","0.5","0.5","1.0","5.5","5.5","5.5","18.5","ดูข้อมูล"